SCMBranch=ctorresgeo
SCMRepository=GEO-TRANS/Geo-Trans-OpenErp/geotrans_addons/geotrans/models
__init__.py;4047435300;7;1463668127;
__init__.pyc;1512975117;1;1463668127;
account.py;3082270488;1;1463668127;
advance.py;3553010125;2;1463668127;
advance.pyc;2531375281;1;1463668127;
binnacle.py;2456265134;1;1463668127;
chat.py;4063074049;2;1463668127;
customer.py;2681212494;9;1463668127;
customer.pyc;2839133887;1;1463668127;
geotrans.py;2621277128;10;1463668127;
geotrans.pyc;3284209753;1;1463668127;
mobilesetting.py;3174149924;8;1463668127;
partner.py;757717890;17;1463668127;
partner.pyc;2185155918;1;1463668127;
penalty.py;535574765;6;1463668127;
predefined_message.py;3253726261;1;1463668127;
rate.py;46067224;5;1463668127;
reason_rejection.py;1433262616;8;1463668127;
route.py;528786267;25;1463668127;
service_configuration.py;2392965993;9;1463668127;
surcharge_discount.py;4034443447;3;1463668127;
termsconditions.py;3538458262;6;1463668127;
vehicle.py;1451190105;6;1463668127;
vehicle.pyc;851783645;1;1463668127;
